sim:
  dt: 0.001
  ctr_dt: 0.001
  time_end: 10
mech:
  m1: 8.393
  com1: [0.2125, 0.11336, 0.0]
  I1p: [[0.0149, 0, 0], [0, 0.3553, 0], [0, 0, 0.3564]]
  L1: 0.425
  l1: 0.2125
  b1: 0.1
  m2: 2.33
  com2: [0.15, 0.0265, 0.0]
  I2p: [[0.0025, 0, 0], [0, 0.0546, 0], [0, 0, 0.0551]]
  l2: 0.15
  L2: 0.39225
  b2: 0.1
  g: 9.81
dh_params:
  # Format: [alpha, a, d, theta_offset] for each joint
  # Joint 1
  - [0.0,  0.0,   0.0,  0.0]
  # Joint 2
  - [0.0,  0.425,  0.0,  0.0]
elec:
ctrl:
  K: [-11.949841, -10.272218, 17.298045, 2.645009]
  q_max: [-6.28, 6.28]
  qd_max: [-3.14, 3.14]
  qdd_max: [-3.14, 3.14]
init: